40 Child processes were created
Max: 5269
Min: 591
Mean: 938.000000
Standard Deviation: 801.936406
