35 Child process were created.
Max: 23217
Min: 589
Mean: 3056.000000
Standard Deviation: 6057.920848
