N = 35
Max: 319
Min: 80
Mean: 97.000000
Standard Deviation: 42.473521
The parent took 3739 to run.
