N = 40
Max: 312
Min: 81
Mean: 92.000000
Standard Deviation: 35.777088
The parent took 4104 to run.
